0.01116	0.03646	0.05208	0.08146	0.08749	0.10251	0.11369	0.16104	0.14167	0.03704
0.02643	0.05892	0.05085	0.06950	0.11642	0.11735	0.06250	0.00000	0.00000	NaN
0.02500	0.05716	0.10186	0.17857	0.16667	NaN	NaN	NaN	NaN	NaN
0.02698	0.05922	0.08017	0.14597	0.18519	0.12500	NaN	NaN	NaN	NaN
0.02278	0.05942	0.15437	0.16863	NaN	NaN	NaN	NaN	NaN	NaN
0.04673	0.14403	0.15128	NaN	NaN	NaN	NaN	NaN	NaN	NaN
0.02520	0.03648	0.09922	0.18817	NaN	NaN	NaN	NaN	NaN	NaN
0.02558	0.07736	0.09773	0.09286	NaN	NaN	NaN	NaN	NaN	NaN
0.02591	0.05396	0.09409	0.14810	0.16667	0.18333	NaN	NaN	NaN	NaN
0.06237	0.10397	NaN	NaN	NaN	NaN	NaN	NaN	NaN	NaN
0.03603	0.05567	0.01190	NaN	NaN	NaN	NaN	NaN	NaN	NaN
0.03774	0.06115	0.03734	NaN	NaN	NaN	NaN	NaN	NaN	NaN
0.02511	0.05460	0.08793	0.13199	0.16667	0.16146	NaN	NaN	NaN	NaN
0.00961	0.03649	0.03764	0.06595	0.06582	0.08601	0.05747	0.06250	0.04348	0.04762
0.02051	0.05517	0.03790	0.09275	0.14146	0.18637	0.16190	0.04375	0.00000	0.00000
0.01736	0.05556	0.09169	0.16360	0.16907	0.14706	0.16667	NaN	NaN	NaN
0.02491	0.05781	0.07525	0.11065	0.15476	0.16146	NaN	NaN	NaN	NaN
0.02593	0.05937	0.05496	0.09090	0.14083	0.13878	0.10784	0.03846	0.00000	NaN
0.02273	0.05266	0.07619	0.11139	0.18403	0.23529	0.07143	NaN	NaN	NaN
0.02188	0.04921	0.08255	0.12485	0.17899	0.16742	0.26667	NaN	NaN	NaN
0.03865	0.11088	0.05017	NaN	NaN	NaN	NaN	NaN	NaN	NaN
0.01652	0.06034	0.09208	0.10614	0.12972	0.12907	0.12848	0.10757	0.10317	0.06058
0.03947	0.12460	0.12086	0.11153	0.11924	0.08824	0.09524	NaN	NaN	NaN
0.03586	0.09990	0.11097	0.10605	0.05556	0.14583	NaN	NaN	NaN	NaN
0.04336	0.11037	0.07414	0.05397	0.03505	0.02257	0.00991	0.00952	0.00717	0.00952
0.03849	0.09943	0.12644	0.12954	0.01503	0.02339	0.02857	NaN	NaN	NaN
0.04515	0.13903	0.21117	NaN	NaN	NaN	NaN	NaN	NaN	NaN
0.04797	0.06288	0.08880	0.18914	0.26585	0.20833	NaN	NaN	NaN	NaN
0.04035	0.10904	0.17946	0.15987	0.18571	NaN	NaN	NaN	NaN	NaN
0.03936	0.10110	0.10921	0.11394	0.10753	0.12500	0.10000	0.15833	NaN	NaN
0.06941	0.20511	NaN	NaN	NaN	NaN	NaN	NaN	NaN	NaN
0.06120	0.13501	0.12530	NaN	NaN	NaN	NaN	NaN	NaN	NaN
0.06439	0.08989	0.07159	NaN	NaN	NaN	NaN	NaN	NaN	NaN
0.03647	0.09830	0.10932	0.10251	0.10910	0.15432	0.17727	0.15833	NaN	NaN
0.01562	0.05418	0.07923	0.09846	0.11209	0.10389	0.08957	0.09423	0.04390	0.04365
0.03659	0.09432	0.10447	0.09406	0.07528	0.06612	0.04794	0.01738	0.02188	0.02286
0.02859	0.10762	0.13380	0.14242	0.08188	0.08082	0.06976	0.10784	0.05128	0.03636
0.02996	0.09895	0.12261	0.10490	0.11001	0.12486	0.14333	0.17708	NaN	NaN
0.03441	0.10751	0.11537	0.11808	0.09281	0.08389	0.06349	0.08889	NaN	NaN
0.02974	0.10520	0.10785	0.12056	0.07918	0.05784	0.03954	0.01554	0.01319	0.00922
0.03189	0.09381	0.12590	0.11403	0.08151	0.16314	0.15235	0.10490	0.15278	NaN
0.05523	0.17480	0.09939	0.08136	0.07083	NaN	NaN	NaN	NaN	NaN
0.00838	0.03338	0.05998	0.07036	0.10736	0.12419	0.16408	0.17565	0.11954	0.09206
0.02978	0.11107	0.12020	0.16657	NaN	NaN	NaN	NaN	NaN	NaN
0.03444	0.08448	0.13448	0.19939	NaN	NaN	NaN	NaN	NaN	NaN
0.03274	0.08308	0.12805	0.12839	0.08056	NaN	NaN	NaN	NaN	NaN
0.02625	0.10979	0.14066	0.14927	NaN	NaN	NaN	NaN	NaN	NaN
0.03727	0.17896	0.10598	NaN	NaN	NaN	NaN	NaN	NaN	NaN
0.04115	0.07890	0.13859	0.18285	0.20934	0.24855	0.23465	0.19901	0.14031	0.14254
0.03072	0.10000	0.13883	0.20133	0.19575	0.18955	0.26842	NaN	NaN	NaN
0.02545	0.06678	0.09426	0.14629	0.16180	0.16743	0.20843	0.17714	0.22583	0.22157
0.03355	0.07993	0.22879	NaN	NaN	NaN	NaN	NaN	NaN	NaN
0.05019	0.08734	0.06380	0.10606	NaN	NaN	NaN	NaN	NaN	NaN
0.03406	0.05791	0.09314	0.13068	NaN	NaN	NaN	NaN	NaN	NaN
0.02356	0.06433	0.09971	0.12611	0.14865	0.16157	0.19981	0.16712	0.20079	0.20686
0.00727	0.02346	0.04454	0.03082	0.07280	0.08720	0.13120	0.14276	0.06071	0.06667
0.03333	0.06352	0.11526	0.14715	0.17347	0.25560	0.24248	0.19956	0.13051	0.13453
0.02065	0.07356	0.07554	0.16377	0.17318	0.16204	0.22008	0.18929	NaN	NaN
0.02172	0.06030	0.09816	0.11956	0.14745	0.16526	0.22296	0.17079	0.19167	0.20686
0.02873	0.09114	0.10265	0.16967	0.20384	NaN	NaN	NaN	NaN	NaN
0.01948	0.06479	0.10480	0.24838	0.08908	NaN	NaN	NaN	NaN	NaN
0.02069	0.05914	0.10632	0.16680	0.19443	0.23408	0.21413	0.19467	0.14520	0.12038
0.03029	0.05303	0.06914	0.09105	0.18915	NaN	NaN	NaN	NaN	NaN
0.00851	0.03749	0.05690	0.05009	0.06370	0.06398	0.05547	0.09846	0.11641	0.06850
0.02617	0.09110	0.19673	0.12987	NaN	NaN	NaN	NaN	NaN	NaN
0.03718	0.18915	NaN	NaN	NaN	NaN	NaN	NaN	NaN	NaN
0.02481	0.09287	0.12520	0.10909	NaN	NaN	NaN	NaN	NaN	NaN
0.02766	0.07560	NaN	NaN	NaN	NaN	NaN	NaN	NaN	NaN
0.06385	0.20000	NaN	NaN	NaN	NaN	NaN	NaN	NaN	NaN
0.02500	0.06572	0.17023	0.22727	NaN	NaN	NaN	NaN	NaN	NaN
0.04736	0.07169	0.12037	NaN	NaN	NaN	NaN	NaN	NaN	NaN
0.02454	0.06039	0.07738	0.10632	0.20833	NaN	NaN	NaN	NaN	NaN
0.18026	0.21649	0.28233	0.27200	0.28532	0.20729	0.19333	0.20238	0.28205	0.30769
0.10727	0.14105	0.20645	0.17222	NaN	NaN	NaN	NaN	NaN	NaN
0.09458	0.14246	0.18230	0.18556	0.21645	0.23611	NaN	NaN	NaN	NaN
0.02228	0.06749	0.09906	0.10172	0.15733	0.21528	0.21429	0.23846	NaN	NaN
0.00857	0.03182	0.05316	0.03042	0.06153	0.03619	0.07952	0.12125	0.11728	0.08036
0.02486	0.08908	0.15297	0.19253	0.20733	0.19833	0.15972	0.16369	0.24286	0.26923
0.03247	0.08034	0.10403	0.15522	0.15432	0.14103	NaN	NaN	NaN	NaN
0.02199	0.06089	0.09664	0.09862	0.15400	0.21023	0.21429	0.23846	NaN	NaN
0.02635	0.09997	0.20034	0.15260	NaN	NaN	NaN	NaN	NaN	NaN
0.02116	0.08021	0.07980	0.07619	NaN	NaN	NaN	NaN	NaN	NaN
0.03245	0.07067	0.08988	0.10950	0.15789	0.19231	NaN	NaN	NaN	NaN
0.11407	0.17145	0.17728	0.22219	0.26178	0.19818	0.17898	0.19728	0.26923	0.28205
0.01423	0.04646	0.07247	0.09653	0.11977	0.13083	0.13459	0.12035	0.07752	0.03760
0.03248	0.09425	0.07969	0.10164	0.10844	0.12443	0.07380	0.02354	0.04751	0.09917
0.03018	0.07609	0.10855	0.13626	0.11401	0.12967	0.07025	NaN	NaN	NaN
0.03458	0.10031	0.07464	0.06260	0.05295	0.04417	0.02126	0.01840	0.00976	0.01185
0.03101	0.08650	0.12442	0.12564	0.07192	0.02286	0.02605	NaN	NaN	NaN
0.04724	0.11922	0.13516	NaN	NaN	NaN	NaN	NaN	NaN	NaN
0.03746	0.05880	0.11198	0.18618	0.21943	0.25019	0.23840	0.20677	0.15525	0.16457
0.03242	0.09435	0.17304	0.15983	0.17549	0.18892	0.25193	0.17677	NaN	NaN
0.02946	0.08498	0.10185	0.13669	0.10118	0.12619	0.13624	0.16910	0.18576	0.18690
0.05926	0.19331	0.27629	0.22871	0.22306	0.18750	0.17667	0.20238	0.28205	0.30769
0.04673	0.10165	0.12118	0.10971	0.14881	0.21296	NaN	NaN	NaN	NaN
0.04782	0.09780	0.12682	0.11551	0.16111	0.21958	NaN	NaN	NaN	NaN
0.02839	0.08403	0.10499	0.11967	0.09348	0.13324	0.14032	0.14840	0.16532	0.14803
0.01322	0.04303	0.06494	0.08355	0.10083	0.08930	0.06927	0.06941	0.04417	0.04172
0.02780	0.07840	0.09295	0.10526	0.12051	0.14837	0.12669	0.08966	0.06537	0.06473
0.02299	0.08542	0.10620	0.11981	0.09089	0.09864	0.14086	0.11689	0.10617	0.12227
0.02481	0.08265	0.10682	0.11887	0.09154	0.11918	0.12421	0.14372	0.13001	0.12798
0.02977	0.09048	0.08855	0.09305	0.11213	0.13649	0.07842	0.04393	0.02163	0.04592
0.02531	0.08970	0.10270	0.12662	0.07717	0.06763	0.02902	0.01984	0.01401	0.01010
0.02460	0.06660	0.10893	0.13035	0.13529	0.17161	0.17233	0.18128	0.13686	0.11850
0.04426	0.12879	0.13067	0.11264	0.14320	0.21818	0.15342	0.17738	0.22949	0.25641
0.01116	0.03646	0.05208	0.08146	0.08749	0.10251	0.11369	0.16104	0.14167	0.03704
0.03556	0.09104	0.14779	NaN	NaN	NaN	NaN	NaN	NaN	NaN
0.03290	0.09012	0.21288	NaN	NaN	NaN	NaN	NaN	NaN	NaN
0.02983	0.09077	0.11672	NaN	NaN	NaN	NaN	NaN	NaN	NaN
0.02850	0.07788	0.15958	NaN	NaN	NaN	NaN	NaN	NaN	NaN
0.01960	0.04427	0.12072	NaN	NaN	NaN	NaN	NaN	NaN	NaN
0.03854	0.08242	0.22651	NaN	NaN	NaN	NaN	NaN	NaN	NaN
0.02323	0.12124	NaN	NaN	NaN	NaN	NaN	NaN	NaN	NaN
0.03835	0.06594	0.06467	NaN	NaN	NaN	NaN	NaN	NaN	NaN
0.08764	0.12873	NaN	NaN	NaN	NaN	NaN	NaN	NaN	NaN
0.02856	0.14274	NaN	NaN	NaN	NaN	NaN	NaN	NaN	NaN
0.04005	0.13355	NaN	NaN	NaN	NaN	NaN	NaN	NaN	NaN
0.03541	0.06593	0.06897	0.15584	NaN	NaN	NaN	NaN	NaN	NaN
0.01021	0.03502	0.04232	0.06409	0.07679	0.10215	0.08525	0.08333	0.04348	0.04545
0.02472	0.07523	0.14438	0.12489	0.16667	NaN	NaN	NaN	NaN	NaN
0.02297	0.07510	0.08618	0.16841	0.17273	NaN	NaN	NaN	NaN	NaN
0.02720	0.04969	0.07883	0.19769	NaN	NaN	NaN	NaN	NaN	NaN
0.03185	0.08039	0.11521	0.26667	NaN	NaN	NaN	NaN	NaN	NaN
0.01838	0.05160	0.11210	0.19094	0.35417	NaN	NaN	NaN	NaN	NaN
0.03234	0.05239	0.05805	0.12402	NaN	NaN	NaN	NaN	NaN	NaN
0.05030	0.08971	0.05635	NaN	NaN	NaN	NaN	NaN	NaN	NaN
0.01652	0.06034	0.09208	0.10614	0.12972	0.12907	0.12848	0.10757	0.10317	0.06058
0.03572	0.13748	0.13612	0.24048	NaN	NaN	NaN	NaN	NaN	NaN
0.03849	0.11362	0.07553	NaN	NaN	NaN	NaN	NaN	NaN	NaN
0.04185	0.16930	0.17895	0.23084	0.15640	0.14103	NaN	NaN	NaN	NaN
0.04703	0.14431	0.11181	0.08395	NaN	NaN	NaN	NaN	NaN	NaN
0.03456	0.13239	0.19257	0.17921	NaN	NaN	NaN	NaN	NaN	NaN
0.07122	0.14677	0.21622	0.15303	NaN	NaN	NaN	NaN	NaN	NaN
0.04373	0.16015	0.19750	NaN	NaN	NaN	NaN	NaN	NaN	NaN
0.04073	0.13588	0.11780	0.15767	0.11238	NaN	NaN	NaN	NaN	NaN
0.10865	0.18821	NaN	NaN	NaN	NaN	NaN	NaN	NaN	NaN
0.04521	0.15177	NaN	NaN	NaN	NaN	NaN	NaN	NaN	NaN
0.07517	0.11643	NaN	NaN	NaN	NaN	NaN	NaN	NaN	NaN
0.04024	0.12198	0.10259	0.13939	0.10896	NaN	NaN	NaN	NaN	NaN
0.01641	0.05886	0.08971	0.11337	0.13301	0.09574	0.07172	0.05927	0.05428	0.03983
0.03437	0.11911	0.13870	0.15653	0.18672	0.12469	0.11786	0.05303	NaN	NaN
0.03585	0.11698	0.13916	0.07923	0.05260	0.07857	NaN	NaN	NaN	NaN
0.03401	0.09668	0.09419	0.10113	0.09782	0.16491	0.20833	NaN	NaN	NaN
0.03215	0.14734	0.11400	0.13668	0.07692	NaN	NaN	NaN	NaN	NaN
0.02777	0.11302	0.15852	0.15056	0.18080	0.15022	0.10000	NaN	NaN	NaN
0.03668	0.14470	0.13823	0.15971	0.08750	NaN	NaN	NaN	NaN	NaN
0.06172	0.12467	0.09416	NaN	NaN	NaN	NaN	NaN	NaN	NaN
0.00838	0.03338	0.05998	0.07036	0.10736	0.12419	0.16408	0.17565	0.11954	0.09206
0.02820	0.09572	0.19426	NaN	NaN	NaN	NaN	NaN	NaN	NaN
0.04696	0.12124	0.14026	NaN	NaN	NaN	NaN	NaN	NaN	NaN
0.04641	0.06878	0.25056	NaN	NaN	NaN	NaN	NaN	NaN	NaN
0.03065	0.09989	0.16417	NaN	NaN	NaN	NaN	NaN	NaN	NaN
0.02258	0.10868	0.17917	NaN	NaN	NaN	NaN	NaN	NaN	NaN
0.07721	0.21273	0.44642	NaN	NaN	NaN	NaN	NaN	NaN	NaN
0.04490	0.12180	0.16694	NaN	NaN	NaN	NaN	NaN	NaN	NaN
0.03524	0.09418	0.22729	0.24381	0.33974	NaN	NaN	NaN	NaN	NaN
0.03368	0.12107	NaN	NaN	NaN	NaN	NaN	NaN	NaN	NaN
0.02794	0.06248	NaN	NaN	NaN	NaN	NaN	NaN	NaN	NaN
0.03482	0.09789	NaN	NaN	NaN	NaN	NaN	NaN	NaN	NaN
0.03165	0.09327	0.23609	0.22229	0.24688	NaN	NaN	NaN	NaN	NaN
0.00791	0.02916	0.05235	0.03583	0.05476	0.06803	0.11685	0.10769	0.10997	0.07381
0.04075	0.09413	0.16696	0.25297	0.44123	NaN	NaN	NaN	NaN	NaN
0.02665	0.08151	0.14566	0.23124	0.23847	0.26007	NaN	NaN	NaN	NaN
0.02054	0.06513	0.19596	0.19665	0.26225	0.31786	NaN	NaN	NaN	NaN
0.03874	0.09941	0.10473	NaN	NaN	NaN	NaN	NaN	NaN	NaN
0.02236	0.05333	0.15283	0.27978	0.19870	NaN	NaN	NaN	NaN	NaN
0.02809	0.10958	0.16984	0.20510	0.32849	0.35000	NaN	NaN	NaN	NaN
0.02659	0.05584	0.09393	NaN	NaN	NaN	NaN	NaN	NaN	NaN
0.00851	0.03749	0.05690	0.05009	0.06370	0.06398	0.05547	0.09846	0.11641	0.06850
0.04169	0.15344	NaN	NaN	NaN	NaN	NaN	NaN	NaN	NaN
0.03643	0.08333	NaN	NaN	NaN	NaN	NaN	NaN	NaN	NaN
0.01875	0.19994	NaN	NaN	NaN	NaN	NaN	NaN	NaN	NaN
0.03275	0.17250	NaN	NaN	NaN	NaN	NaN	NaN	NaN	NaN
0.03016	0.12054	NaN	NaN	NaN	NaN	NaN	NaN	NaN	NaN
0.07459	0.35703	NaN	NaN	NaN	NaN	NaN	NaN	NaN	NaN
0.05257	0.38935	NaN	NaN	NaN	NaN	NaN	NaN	NaN	NaN
0.03876	0.10460	0.14844	NaN	NaN	NaN	NaN	NaN	NaN	NaN
0.18138	0.43731	NaN	NaN	NaN	NaN	NaN	NaN	NaN	NaN
0.08605	0.26739	NaN	NaN	NaN	NaN	NaN	NaN	NaN	NaN
0.09894	0.23085	0.21640	NaN	NaN	NaN	NaN	NaN	NaN	NaN
0.03627	0.15412	0.19639	0.18707	NaN	NaN	NaN	NaN	NaN	NaN
0.00871	0.03045	0.03473	0.02702	0.03611	0.04304	0.07424	0.11312	0.12908	0.08167
0.02533	0.10482	0.23150	0.28007	NaN	NaN	NaN	NaN	NaN	NaN
0.03115	0.10914	0.18309	0.30769	NaN	NaN	NaN	NaN	NaN	NaN
0.02549	0.13049	0.15115	0.15327	NaN	NaN	NaN	NaN	NaN	NaN
0.02888	0.07767	0.12121	NaN	NaN	NaN	NaN	NaN	NaN	NaN
0.01562	0.10739	0.16333	NaN	NaN	NaN	NaN	NaN	NaN	NaN
0.02502	0.13606	0.19876	0.10417	NaN	NaN	NaN	NaN	NaN	NaN
0.08112	0.23003	0.30119	NaN	NaN	NaN	NaN	NaN	NaN	NaN
0.01423	0.04646	0.07247	0.09653	0.11977	0.13083	0.13459	0.12035	0.07752	0.03760
0.03104	0.11056	0.11074	0.18067	0.06061	NaN	NaN	NaN	NaN	NaN
0.03872	0.09465	0.08450	0.16327	NaN	NaN	NaN	NaN	NaN	NaN
0.03903	0.13942	0.18420	0.22599	0.13042	0.09686	NaN	NaN	NaN	NaN
0.03894	0.13083	0.10499	0.10675	NaN	NaN	NaN	NaN	NaN	NaN
0.02672	0.12085	0.16065	0.09525	0.06791	NaN	NaN	NaN	NaN	NaN
0.05838	0.14696	0.23234	0.25468	NaN	NaN	NaN	NaN	NaN	NaN
0.03740	0.15627	0.18876	0.13419	NaN	NaN	NaN	NaN	NaN	NaN
0.03904	0.11496	0.13799	0.13520	0.19981	0.29762	0.21212	NaN	NaN	NaN
0.08471	0.21514	NaN	NaN	NaN	NaN	NaN	NaN	NaN	NaN
0.03723	0.17612	0.24637	NaN	NaN	NaN	NaN	NaN	NaN	NaN
0.04768	0.13592	0.14947	NaN	NaN	NaN	NaN	NaN	NaN	NaN
0.03626	0.11463	0.12182	0.15882	0.19079	0.26450	0.21026	NaN	NaN	NaN
0.01385	0.04556	0.06734	0.08831	0.10292	0.09425	0.07982	0.06356	0.05963	0.03999
0.03148	0.10316	0.14550	0.14578	0.18403	0.21407	0.17425	0.15000	NaN	NaN
0.03114	0.10508	0.12215	0.12653	0.10587	0.13883	0.20076	NaN	NaN	NaN
0.02820	0.08231	0.10358	0.11803	0.13857	0.17037	0.18862	0.11237	NaN	NaN
0.02875	0.10155	0.08888	0.14179	0.18627	0.24242	NaN	NaN	NaN	NaN
0.02293	0.08764	0.13823	0.15884	0.18641	0.13483	0.05882	0.07071	NaN	NaN
0.03428	0.13816	0.13794	0.13885	0.18762	0.28547	0.19192	NaN	NaN	NaN
0.04890	0.10167	0.17677	0.20907	NaN	NaN	NaN	NaN	NaN	NaN
0.01116	0.03646	0.05208	0.08146	0.08749	0.10251	0.11369	0.16104	0.14167	0.03704
0.02746	0.06235	0.04658	0.08892	0.10829	0.15000	0.05208	0.03846	0.00000	NaN
0.02365	0.05212	0.07672	0.16493	0.20905	NaN	NaN	NaN	NaN	NaN
0.02647	0.05889	0.07660	0.11515	0.22121	0.15741	0.08333	NaN	NaN	NaN
0.02321	0.04992	0.11626	0.19333	0.27222	NaN	NaN	NaN	NaN	NaN
0.02826	0.06360	0.10001	NaN	NaN	NaN	NaN	NaN	NaN	NaN
0.02701	0.05716	0.09016	0.17958	0.30701	NaN	NaN	NaN	NaN	NaN
0.02494	0.05152	0.09333	0.14683	0.26923	NaN	NaN	NaN	NaN	NaN
0.02504	0.06660	0.09274	0.14731	0.16273	0.15196	NaN	NaN	NaN	NaN
0.06047	0.11214	0.05556	NaN	NaN	NaN	NaN	NaN	NaN	NaN
0.03254	0.05370	0.06481	NaN	NaN	NaN	NaN	NaN	NaN	NaN
0.03682	0.06115	0.03734	NaN	NaN	NaN	NaN	NaN	NaN	NaN
0.02425	0.06193	0.07894	0.14877	0.15748	0.14352	NaN	NaN	NaN	NaN
0.00951	0.03742	0.03927	0.06841	0.06943	0.06329	0.04321	0.04545	0.04545	0.05263
0.01826	0.05888	0.04415	0.08466	0.11971	0.15009	0.16625	0.17778	0.00000	0.00000
0.01649	0.04868	0.06240	0.10588	0.15065	0.21032	0.29688	NaN	NaN	NaN
0.02040	0.04770	0.07451	0.13814	0.13110	0.14683	0.18182	NaN	NaN	NaN
0.02528	0.06090	0.04437	0.07233	0.12212	0.18230	0.14474	0.03571	0.00000	NaN
0.01852	0.05239	0.07166	0.10347	0.19065	0.19167	0.11458	0.12500	NaN	NaN
0.02099	0.05418	0.07866	0.11539	0.16498	0.16400	0.25208	NaN	NaN	NaN
0.04599	0.08261	0.04804	0.18182	NaN	NaN	NaN	NaN	NaN	NaN
0.01652	0.06034	0.09208	0.10614	0.12972	0.12907	0.12848	0.10757	0.10317	0.06058
0.03142	0.13253	0.13991	0.09398	0.08263	0.07955	0.08889	0.03636	NaN	NaN
0.03296	0.11068	0.11300	0.11369	0.07312	0.09630	NaN	NaN	NaN	NaN
0.03813	0.12019	0.11417	0.08513	0.07931	0.06825	0.02302	0.01250	0.00717	0.00952
0.03569	0.10263	0.15486	0.16888	0.09757	0.05236	0.07331	0.03810	NaN	NaN
0.03196	0.13866	0.18177	0.19387	0.25556	0.13636	NaN	NaN	NaN	NaN
0.04584	0.10290	0.11092	0.13118	0.26855	0.18199	NaN	NaN	NaN	NaN
0.03758	0.11054	0.18147	0.14195	0.12876	0.18056	NaN	NaN	NaN	NaN
0.03520	0.11848	0.11972	0.11984	0.09172	0.10353	0.12222	0.12051	NaN	NaN
0.06234	0.19850	0.15837	NaN	NaN	NaN	NaN	NaN	NaN	NaN
0.04630	0.13490	0.08682	0.16364	NaN	NaN	NaN	NaN	NaN	NaN
0.06282	0.08989	0.07159	NaN	NaN	NaN	NaN	NaN	NaN	NaN
0.03493	0.10733	0.12171	0.10674	0.10230	0.12988	0.15072	0.10769	NaN	NaN
0.01568	0.05336	0.07766	0.10088	0.11331	0.07204	0.08520	0.06828	0.04180	0.03834
0.03161	0.09819	0.11710	0.12150	0.11044	0.10524	0.06225	0.06259	0.04278	0.01997
0.02616	0.10638	0.14909	0.14678	0.09981	0.07327	0.06825	0.10145	0.05625	0.06556
0.02804	0.09062	0.12529	0.09260	0.11265	0.11748	0.11667	0.12281	0.09524	NaN
0.02928	0.10634	0.14448	0.12235	0.07222	0.08568	0.06790	0.06667	0.03030	NaN
0.02461	0.10612	0.13002	0.14438	0.10746	0.11951	0.08239	0.01814	0.02049	0.00922
0.03049	0.09872	0.14789	0.12617	0.07760	0.12237	0.13567	0.14586	0.10714	NaN
0.05138	0.14495	0.12601	0.09377	0.06385	NaN	NaN	NaN	NaN	NaN
0.00838	0.03338	0.05998	0.07036	0.10736	0.12419	0.16408	0.17565	0.11954	0.09206
0.02323	0.09466	0.13492	0.13061	0.11078	NaN	NaN	NaN	NaN	NaN
0.03960	0.12016	0.11427	0.21899	NaN	NaN	NaN	NaN	NaN	NaN
0.03850	0.05661	0.12755	0.19368	0.18301	NaN	NaN	NaN	NaN	NaN
0.02319	0.07663	0.13671	0.20741	NaN	NaN	NaN	NaN	NaN	NaN
0.02575	0.11679	0.18715	0.20782	NaN	NaN	NaN	NaN	NaN	NaN
0.04082	0.08897	0.14385	0.19867	0.21131	0.24514	0.23946	0.20035	0.13350	0.13827
0.02880	0.08235	0.11825	0.21014	0.19621	0.17000	0.23537	0.20714	NaN	NaN
0.02532	0.07013	0.10105	0.12934	0.14565	0.16630	0.21944	0.16155	0.19638	0.20556
0.02628	0.07110	0.12143	NaN	NaN	NaN	NaN	NaN	NaN	NaN
0.03221	0.06958	0.06418	0.08761	NaN	NaN	NaN	NaN	NaN	NaN
0.03323	0.05791	0.09314	0.13068	NaN	NaN	NaN	NaN	NaN	NaN
0.02331	0.06749	0.10179	0.12014	0.13708	0.14763	0.20996	0.15661	0.17631	0.18509
0.00712	0.02246	0.04429	0.03005	0.07729	0.08996	0.13757	0.14067	0.05893	0.07500
0.02819	0.06162	0.10078	0.13977	0.17250	0.26098	0.24524	0.21666	0.12602	0.12752
0.01877	0.07515	0.07282	0.10761	0.17159	0.20139	0.20051	0.18820	0.20590	NaN
0.01633	0.06191	0.08812	0.12730	0.13318	0.13168	0.18090	0.19410	0.18356	0.18008
0.03330	0.09295	0.09608	0.12422	0.20649	NaN	NaN	NaN	NaN	NaN
0.02008	0.05138	0.10100	0.23147	0.20195	0.12806	NaN	NaN	NaN	NaN
0.02043	0.06347	0.10742	0.15169	0.18593	0.23434	0.24688	0.18509	0.13832	0.11355
0.02308	0.04485	0.06632	0.08305	0.17898	NaN	NaN	NaN	NaN	NaN
0.00851	0.03749	0.05690	0.05009	0.06370	0.06398	0.05547	0.09846	0.11641	0.06850
0.02433	0.07808	0.17281	0.10577	NaN	NaN	NaN	NaN	NaN	NaN
0.03314	0.13345	0.13333	NaN	NaN	NaN	NaN	NaN	NaN	NaN
0.01779	0.09153	0.11449	0.09074	NaN	NaN	NaN	NaN	NaN	NaN
0.02812	0.06672	0.09896	NaN	NaN	NaN	NaN	NaN	NaN	NaN
0.03622	0.11667	NaN	NaN	NaN	NaN	NaN	NaN	NaN	NaN
0.02441	0.10485	0.17273	0.24786	NaN	NaN	NaN	NaN	NaN	NaN
0.04359	0.06327	0.10952	NaN	NaN	NaN	NaN	NaN	NaN	NaN
0.02633	0.06711	0.07622	0.10862	0.19608	NaN	NaN	NaN	NaN	NaN
0.11366	0.21360	0.25060	0.28054	0.28426	0.24510	0.19333	0.19524	0.26923	0.28205
0.07982	0.15200	0.22760	0.18556	NaN	NaN	NaN	NaN	NaN	NaN
0.09458	0.14246	0.18230	0.18556	0.21645	0.23611	NaN	NaN	NaN	NaN
0.02387	0.06860	0.09622	0.12595	0.15128	0.20261	0.20000	0.22143	NaN	NaN
0.00829	0.02670	0.03014	0.03308	0.06373	0.04812	0.07952	0.12125	0.14074	0.08654
0.01968	0.08035	0.13353	0.15093	0.20604	0.20043	0.15058	0.15923	0.23571	0.25000
0.02466	0.06669	0.09900	0.16816	0.18494	0.22980	NaN	NaN	NaN	NaN
0.01846	0.05880	0.08540	0.12068	0.14295	0.18806	0.20000	0.22143	NaN	NaN
0.02176	0.08718	0.16471	0.12115	NaN	NaN	NaN	NaN	NaN	NaN
0.01762	0.08024	0.11045	0.07576	0.09524	NaN	NaN	NaN	NaN	NaN
0.03025	0.07043	0.10368	0.09787	0.12727	0.16667	NaN	NaN	NaN	NaN
0.08547	0.17116	0.19634	0.23626	0.25739	0.24272	0.17708	0.19728	0.26923	0.28205
0.01423	0.04646	0.07247	0.09653	0.11977	0.13083	0.13459	0.12035	0.07752	0.03760
0.02724	0.11146	0.09526	0.08487	0.07584	0.11261	0.06466	0.05032	0.03750	0.06197
0.03192	0.09137	0.09559	0.12825	0.12430	0.14152	0.10417	NaN	NaN	NaN
0.03339	0.09796	0.11153	0.08294	0.08153	0.07037	0.03454	0.02313	0.01121	0.01062
0.03036	0.08402	0.15120	0.16027	0.12514	0.05744	0.03290	0.03979	0.02597	NaN
0.03152	0.11714	0.15896	0.14044	0.16959	0.08125	NaN	NaN	NaN	NaN
0.03798	0.08278	0.11004	0.17573	0.23361	0.26352	0.24858	0.21132	0.14414	0.14909
0.03076	0.08070	0.16448	0.12523	0.17301	0.18885	0.25038	0.22222	NaN	NaN
0.02783	0.09699	0.11066	0.13735	0.09098	0.11968	0.12829	0.14380	0.13839	0.16293
0.05464	0.14534	0.15038	0.24077	0.21265	0.17500	0.17500	0.19048	0.26154	0.28205
0.03956	0.10234	0.11151	0.11270	0.17778	0.20997	NaN	NaN	NaN	NaN
0.04668	0.09780	0.12682	0.11551	0.16111	0.21958	NaN	NaN	NaN	NaN
0.02735	0.09319	0.11092	0.13029	0.08592	0.12636	0.13373	0.14275	0.13888	0.14187
0.01318	0.04228	0.06289	0.08679	0.10380	0.05815	0.06545	0.05921	0.04608	0.04380
0.02433	0.08321	0.09433	0.10808	0.13150	0.14612	0.11706	0.12625	0.07294	0.06078
0.02100	0.08280	0.11344	0.10677	0.10014	0.10557	0.12017	0.13014	0.10713	0.11481
0.02221	0.07402	0.10612	0.11449	0.09679	0.10187	0.10412	0.13320	0.12476	0.10317
0.02582	0.09169	0.10365	0.08717	0.07532	0.13329	0.09561	0.03540	0.01944	0.04222
0.02093	0.08699	0.11269	0.15259	0.11698	0.12145	0.07347	0.02718	0.02332	0.01607
0.02420	0.07301	0.12240	0.13656	0.12501	0.15244	0.18607	0.16922	0.12099	0.10604
0.04470	0.11440	0.12713	0.13767	0.12294	0.21130	0.15357	0.17500	0.22436	0.25641
0.00247	0.01083	0.01909	0.04342	0.04500	0.05959	0.08127	0.11216	0.12361	0.07259
0.01260	0.03082	0.02910	0.05024	0.08490	0.10900	0.08368	0.00000	0.00000	NaN
0.00626	0.02319	0.05066	0.15284	0.19200	NaN	NaN	NaN	NaN	NaN
0.00682	0.03312	0.05351	0.10870	0.15821	0.17585	NaN	NaN	NaN	NaN
0.00668	0.02731	0.09107	0.15850	NaN	NaN	NaN	NaN	NaN	NaN
0.02030	0.09320	0.17786	NaN	NaN	NaN	NaN	NaN	NaN	NaN
0.00829	0.01882	0.08604	0.16096	NaN	NaN	NaN	NaN	NaN	NaN
0.00837	0.04179	0.09156	0.13208	NaN	NaN	NaN	NaN	NaN	NaN
0.00739	0.02171	0.06124	0.11191	0.15289	0.18188	NaN	NaN	NaN	NaN
0.04652	0.08410	NaN	NaN	NaN	NaN	NaN	NaN	NaN	NaN
0.01684	0.04528	0.02333	NaN	NaN	NaN	NaN	NaN	NaN	NaN
0.02023	0.05003	0.04730	NaN	NaN	NaN	NaN	NaN	NaN	NaN
0.00716	0.02150	0.05188	0.09808	0.13764	0.16768	NaN	NaN	NaN	NaN
0.00242	0.01204	0.01574	0.04110	0.03795	0.06943	0.07478	0.08970	0.08522	0.09333
0.00598	0.02775	0.01722	0.05141	0.08935	0.11651	0.13625	0.06443	0.00000	0.00000
0.00397	0.01888	0.04246	0.10326	0.11416	0.16305	0.22024	NaN	NaN	NaN
0.00682	0.02026	0.03414	0.08456	0.11991	0.16768	NaN	NaN	NaN	NaN
0.01219	0.03059	0.02893	0.06250	0.09757	0.11361	0.12818	0.07538	0.00000	NaN
0.00626	0.01937	0.03614	0.08014	0.12435	0.19010	0.09511	NaN	NaN	NaN
0.00600	0.01872	0.05379	0.08587	0.12238	0.14610	0.21098	NaN	NaN	NaN
0.02029	0.06926	0.04969	NaN	NaN	NaN	NaN	NaN	NaN	NaN
0.00688	0.01470	0.02941	0.02933	0.04456	0.04699	0.05778	0.06520	0.07264	0.05080
0.00974	0.04748	0.05728	0.07139	0.09234	0.10241	0.14413	NaN	NaN	NaN
0.00798	0.03158	0.06021	0.07400	0.06333	0.17541	NaN	NaN	NaN	NaN
0.01527	0.03489	0.02823	0.02903	0.02507	0.01959	0.01360	0.01320	0.01405	0.01867
0.01041	0.02826	0.04524	0.07742	0.02284	0.03564	0.04053	NaN	NaN	NaN
0.01117	0.05080	0.12713	NaN	NaN	NaN	NaN	NaN	NaN	NaN
0.01719	0.02571	0.04269	0.10450	0.15873	0.19852	NaN	NaN	NaN	NaN
0.01143	0.03636	0.07591	0.08729	0.16347	NaN	NaN	NaN	NaN	NaN
0.01333	0.03983	0.04663	0.06486	0.07049	0.10844	0.11706	0.17967	NaN	NaN
0.03855	0.14895	NaN	NaN	NaN	NaN	NaN	NaN	NaN	NaN
0.03130	0.09259	0.12802	NaN	NaN	NaN	NaN	NaN	NaN	NaN
0.02862	0.05597	0.07043	NaN	NaN	NaN	NaN	NaN	NaN	NaN
0.01026	0.03885	0.04448	0.05597	0.06873	0.11133	0.13751	0.17967	NaN	NaN
0.00683	0.01355	0.02565	0.03676	0.05107	0.05630	0.05734	0.06396	0.03997	0.03915
0.01333	0.03011	0.03678	0.04123	0.03569	0.04617	0.05131	0.02143	0.03015	0.03159
0.00649	0.03626	0.04440	0.05565	0.04123	0.06404	0.08341	0.12818	0.06805	0.07127
0.00775	0.03406	0.04737	0.05327	0.06525	0.09203	0.11910	0.17252	NaN	NaN
0.00856	0.03622	0.04782	0.06845	0.07177	0.07275	0.09690	0.13475	NaN	NaN
0.00738	0.03051	0.03344	0.05212	0.04116	0.04885	0.05009	0.01775	0.01802	0.01806
0.00793	0.03261	0.04703	0.05339	0.04263	0.09778	0.12060	0.11084	0.17737	NaN
0.02197	0.09511	0.08763	0.07938	0.08737	NaN	NaN	NaN	NaN	NaN
0.00319	0.01285	0.03150	0.03922	0.06142	0.07534	0.09750	0.10857	0.09552	0.09590
0.01503	0.05755	0.07375	0.15968	NaN	NaN	NaN	NaN	NaN	NaN
0.01402	0.04564	0.11754	0.20020	NaN	NaN	NaN	NaN	NaN	NaN
0.02427	0.04423	0.07385	0.08095	0.07764	NaN	NaN	NaN	NaN	NaN
0.01129	0.05754	0.09020	0.16354	NaN	NaN	NaN	NaN	NaN	NaN
0.02007	0.10899	0.14239	NaN	NaN	NaN	NaN	NaN	NaN	NaN
0.02450	0.03353	0.05949	0.07742	0.08866	0.10783	0.11376	0.10793	0.09524	0.10396
0.01226	0.04703	0.06654	0.11521	0.12855	0.15723	0.21154	NaN	NaN	NaN
0.01130	0.03275	0.04606	0.07884	0.08725	0.10146	0.12243	0.12678	0.16203	0.17707
0.02224	0.06581	0.21932	NaN	NaN	NaN	NaN	NaN	NaN	NaN
0.03004	0.06372	0.06882	0.17769	NaN	NaN	NaN	NaN	NaN	NaN
0.01949	0.04886	0.08306	0.17825	NaN	NaN	NaN	NaN	NaN	NaN
0.01051	0.03223	0.04664	0.06838	0.08169	0.10078	0.12028	0.12069	0.15153	0.17383
0.00293	0.01205	0.03276	0.01912	0.05977	0.07293	0.11492	0.13704	0.07308	0.08002
0.02340	0.02322	0.04736	0.06118	0.07416	0.10618	0.10947	0.10710	0.09406	0.10260
0.00742	0.03564	0.03280	0.08537	0.10512	0.11946	0.15871	0.16184	NaN	NaN
0.00991	0.03067	0.04569	0.05797	0.08172	0.10069	0.12750	0.11967	0.14558	0.17383
0.01399	0.04513	0.06370	0.15048	0.18349	NaN	NaN	NaN	NaN	NaN
0.00697	0.02779	0.05159	0.13033	0.07456	NaN	NaN	NaN	NaN	NaN
0.00767	0.02165	0.04665	0.06932	0.07829	0.09835	0.09733	0.09921	0.09365	0.08281
0.01727	0.03740	0.06473	0.08114	0.19335	NaN	NaN	NaN	NaN	NaN
0.00401	0.02098	0.03922	0.02731	0.04104	0.06681	0.05022	0.10466	0.12291	0.10371
0.01609	0.06036	0.17188	0.18671	NaN	NaN	NaN	NaN	NaN	NaN
0.02086	0.14360	NaN	NaN	NaN	NaN	NaN	NaN	NaN	NaN
0.01692	0.06892	0.13268	0.17818	NaN	NaN	NaN	NaN	NaN	NaN
0.01518	0.07693	NaN	NaN	NaN	NaN	NaN	NaN	NaN	NaN
0.04817	0.23638	NaN	NaN	NaN	NaN	NaN	NaN	NaN	NaN
0.01577	0.04224	0.13484	0.24235	NaN	NaN	NaN	NaN	NaN	NaN
0.03508	0.05669	0.12612	NaN	NaN	NaN	NaN	NaN	NaN	NaN
0.01436	0.04588	0.06911	0.09958	0.19668	NaN	NaN	NaN	NaN	NaN
0.11463	0.12059	0.15347	0.16822	0.17853	0.15389	0.16031	0.16486	0.21689	0.23639
0.08900	0.10572	0.15116	0.17783	NaN	NaN	NaN	NaN	NaN	NaN
0.07611	0.10486	0.12910	0.14095	0.15906	0.18626	NaN	NaN	NaN	NaN
0.01179	0.04532	0.06355	0.08468	0.11799	0.15266	0.19799	0.21464	NaN	NaN
0.00461	0.02376	0.04768	0.02399	0.07107	0.03401	0.10180	0.14834	0.14885	0.13975
0.01471	0.04676	0.08547	0.12508	0.13470	0.14649	0.13663	0.14224	0.19677	0.21099
0.01922	0.04561	0.07177	0.12530	0.15363	0.16478	NaN	NaN	NaN	NaN
0.01114	0.03144	0.06219	0.08241	0.11738	0.15103	0.19799	0.21464	NaN	NaN
0.01440	0.05458	0.15699	0.18594	NaN	NaN	NaN	NaN	NaN	NaN
0.00985	0.05813	0.06333	0.13067	NaN	NaN	NaN	NaN	NaN	NaN
0.02709	0.04455	0.05857	0.09486	0.15087	0.20873	NaN	NaN	NaN	NaN
0.08055	0.10837	0.11236	0.14617	0.16851	0.14304	0.15104	0.16243	0.21099	0.21689
0.00668	0.01007	0.02045	0.02858	0.04361	0.04863	0.05775	0.06262	0.03805	0.02124
0.00892	0.03194	0.03336	0.05904	0.06938	0.08987	0.06253	0.03601	0.07599	0.17730
0.00625	0.02095	0.05379	0.08157	0.08574	0.09954	0.09712	NaN	NaN	NaN
0.01018	0.03354	0.02755	0.02758	0.03156	0.03061	0.01871	0.01831	0.01349	0.01667
0.00757	0.02228	0.03952	0.06896	0.07894	0.02868	0.03737	NaN	NaN	NaN
0.01577	0.03793	0.08588	NaN	NaN	NaN	NaN	NaN	NaN	NaN
0.01091	0.01750	0.04325	0.07579	0.08821	0.10654	0.11424	0.10861	0.09687	0.10720
0.00820	0.02821	0.07131	0.07520	0.08964	0.11622	0.16665	0.19634	NaN	NaN
0.00742	0.03537	0.03155	0.06234	0.04483	0.06478	0.07395	0.10842	0.13711	0.15322
0.02650	0.11253	0.15408	0.15012	0.15393	0.14411	0.15148	0.16486	0.21689	0.23639
0.01828	0.05894	0.09112	0.11956	0.17613	0.22660	NaN	NaN	NaN	NaN
0.01770	0.06101	0.08685	0.08490	0.11416	0.17343	NaN	NaN	NaN	NaN
0.00697	0.03492	0.03211	0.05493	0.03906	0.06148	0.07195	0.09399	0.12034	0.13199
0.00664	0.00966	0.02124	0.03358	0.04739	0.04902	0.03783	0.04174	0.03405	0.03148
0.00816	0.02494	0.02463	0.03553	0.04598	0.05829	0.05932	0.05058	0.04121	0.04281
0.00481	0.02692	0.02754	0.04155	0.03564	0.05193	0.08933	0.08749	0.10138	0.12756
0.00583	0.02928	0.03020	0.05160	0.03830	0.05124	0.06083	0.08833	0.09618	0.11347
0.00839	0.03010	0.03906	0.04608	0.07323	0.08310	0.05563	0.04507	0.03108	0.07131
0.00545	0.02788	0.02934	0.04757	0.03530	0.03995	0.02067	0.01715	0.01670	0.01457
0.00536	0.01635	0.03503	0.04646	0.04857	0.06872	0.07654	0.08994	0.08378	0.07557
0.01543	0.06586	0.07985	0.06448	0.08831	0.15102	0.13346	0.14980	0.20151	0.20797
0.00247	0.01083	0.01909	0.04342	0.04500	0.05959	0.08127	0.11216	0.12361	0.07259
0.00983	0.03698	0.12550	NaN	NaN	NaN	NaN	NaN	NaN	NaN
0.00960	0.03992	0.16155	NaN	NaN	NaN	NaN	NaN	NaN	NaN
0.01232	0.04242	0.08669	NaN	NaN	NaN	NaN	NaN	NaN	NaN
0.00859	0.03339	0.13952	NaN	NaN	NaN	NaN	NaN	NaN	NaN
0.00641	0.03361	0.14131	NaN	NaN	NaN	NaN	NaN	NaN	NaN
0.02400	0.04531	0.19548	NaN	NaN	NaN	NaN	NaN	NaN	NaN
0.00844	0.09070	NaN	NaN	NaN	NaN	NaN	NaN	NaN	NaN
0.01457	0.03130	0.05488	NaN	NaN	NaN	NaN	NaN	NaN	NaN
0.06554	0.11288	NaN	NaN	NaN	NaN	NaN	NaN	NaN	NaN
0.01368	0.13207	NaN	NaN	NaN	NaN	NaN	NaN	NaN	NaN
0.02363	0.14010	NaN	NaN	NaN	NaN	NaN	NaN	NaN	NaN
0.01337	0.02852	0.05272	0.18285	NaN	NaN	NaN	NaN	NaN	NaN
0.00241	0.01142	0.01520	0.03701	0.04820	0.07376	0.09191	0.10449	0.08522	0.08909
0.00614	0.02500	0.07903	0.10820	0.19200	NaN	NaN	NaN	NaN	NaN
0.00636	0.03665	0.06035	0.09101	0.19437	NaN	NaN	NaN	NaN	NaN
0.00981	0.02053	0.05933	0.16075	NaN	NaN	NaN	NaN	NaN	NaN
0.00907	0.03012	0.07634	0.16762	NaN	NaN	NaN	NaN	NaN	NaN
0.00439	0.01915	0.05772	0.13348	0.24469	NaN	NaN	NaN	NaN	NaN
0.01108	0.02273	0.04110	0.14090	NaN	NaN	NaN	NaN	NaN	NaN
0.04125	0.08151	0.06231	NaN	NaN	NaN	NaN	NaN	NaN	NaN
0.00688	0.01470	0.02941	0.02933	0.04456	0.04699	0.05778	0.06520	0.07264	0.05080
0.01046	0.05517	0.08058	0.21832	NaN	NaN	NaN	NaN	NaN	NaN
0.01045	0.05146	0.07170	NaN	NaN	NaN	NaN	NaN	NaN	NaN
0.01172	0.05779	0.07041	0.13835	0.11719	0.16478	NaN	NaN	NaN	NaN
0.01371	0.05317	0.06015	0.07948	NaN	NaN	NaN	NaN	NaN	NaN
0.01124	0.06098	0.11507	0.15956	NaN	NaN	NaN	NaN	NaN	NaN
0.04225	0.04540	0.10787	0.12524	NaN	NaN	NaN	NaN	NaN	NaN
0.01593	0.07545	0.16212	NaN	NaN	NaN	NaN	NaN	NaN	NaN
0.01096	0.05530	0.06005	0.09522	0.13874	NaN	NaN	NaN	NaN	NaN
0.05903	0.17607	NaN	NaN	NaN	NaN	NaN	NaN	NaN	NaN
0.02767	0.13247	NaN	NaN	NaN	NaN	NaN	NaN	NaN	NaN
0.04272	0.11709	NaN	NaN	NaN	NaN	NaN	NaN	NaN	NaN
0.01106	0.05094	0.05513	0.08506	0.12279	NaN	NaN	NaN	NaN	NaN
0.00689	0.01409	0.03033	0.03563	0.04984	0.04841	0.04030	0.05070	0.05391	0.03244
0.01025	0.03128	0.04089	0.07592	0.11383	0.11506	0.14731	0.07059	NaN	NaN
0.01036	0.03097	0.05326	0.05203	0.05350	0.09733	NaN	NaN	NaN	NaN
0.00889	0.03742	0.03962	0.05205	0.06592	0.12035	0.17186	NaN	NaN	NaN
0.00794	0.05177	0.06111	0.12629	0.15077	NaN	NaN	NaN	NaN	NaN
0.00671	0.02872	0.05637	0.06284	0.10755	0.11730	0.14673	NaN	NaN	NaN
0.00994	0.05439	0.05448	0.09117	0.08287	NaN	NaN	NaN	NaN	NaN
0.02984	0.09404	0.12333	NaN	NaN	NaN	NaN	NaN	NaN	NaN
0.00319	0.01285	0.03150	0.03922	0.06142	0.07534	0.09750	0.10857	0.09552	0.09590
0.01449	0.06559	0.19267	NaN	NaN	NaN	NaN	NaN	NaN	NaN
0.02947	0.07729	0.18348	NaN	NaN	NaN	NaN	NaN	NaN	NaN
0.02922	0.03404	0.12993	NaN	NaN	NaN	NaN	NaN	NaN	NaN
0.01530	0.06541	0.15147	NaN	NaN	NaN	NaN	NaN	NaN	NaN
0.01138	0.07036	0.16049	NaN	NaN	NaN	NaN	NaN	NaN	NaN
0.03518	0.09495	0.16793	NaN	NaN	NaN	NaN	NaN	NaN	NaN
0.01672	0.06233	0.14669	NaN	NaN	NaN	NaN	NaN	NaN	NaN
0.01546	0.05280	0.12561	0.17637	0.23409	NaN	NaN	NaN	NaN	NaN
0.01719	0.08263	NaN	NaN	NaN	NaN	NaN	NaN	NaN	NaN
0.02279	0.07430	NaN	NaN	NaN	NaN	NaN	NaN	NaN	NaN
0.01968	0.11193	NaN	NaN	NaN	NaN	NaN	NaN	NaN	NaN
0.01210	0.04982	0.12588	0.16273	0.19379	NaN	NaN	NaN	NaN	NaN
0.00330	0.01320	0.03343	0.02008	0.03622	0.05846	0.09454	0.10046	0.11434	0.07926
0.02688	0.04294	0.07758	0.13052	0.22234	NaN	NaN	NaN	NaN	NaN
0.00963	0.04453	0.08979	0.15508	0.18842	0.22208	NaN	NaN	NaN	NaN
0.00730	0.02813	0.09439	0.13835	0.17288	0.24207	NaN	NaN	NaN	NaN
0.02618	0.05471	0.11052	NaN	NaN	NaN	NaN	NaN	NaN	NaN
0.00894	0.02421	0.07467	0.14607	0.15751	NaN	NaN	NaN	NaN	NaN
0.00969	0.05034	0.08192	0.13129	0.21052	0.25014	NaN	NaN	NaN	NaN
0.01101	0.04650	0.14971	NaN	NaN	NaN	NaN	NaN	NaN	NaN
0.00401	0.02098	0.03922	0.02731	0.04104	0.06681	0.05022	0.10466	0.12291	0.10371
0.02678	0.14988	NaN	NaN	NaN	NaN	NaN	NaN	NaN	NaN
0.02687	0.13241	NaN	NaN	NaN	NaN	NaN	NaN	NaN	NaN
0.01227	0.13479	NaN	NaN	NaN	NaN	NaN	NaN	NaN	NaN
0.02193	0.15921	NaN	NaN	NaN	NaN	NaN	NaN	NaN	NaN
0.02285	0.13866	NaN	NaN	NaN	NaN	NaN	NaN	NaN	NaN
0.05766	0.22224	NaN	NaN	NaN	NaN	NaN	NaN	NaN	NaN
0.04164	0.26056	NaN	NaN	NaN	NaN	NaN	NaN	NaN	NaN
0.02302	0.08308	0.16918	NaN	NaN	NaN	NaN	NaN	NaN	NaN
0.07751	0.19742	NaN	NaN	NaN	NaN	NaN	NaN	NaN	NaN
0.08406	0.19950	NaN	NaN	NaN	NaN	NaN	NaN	NaN	NaN
0.08438	0.17562	0.23374	NaN	NaN	NaN	NaN	NaN	NaN	NaN
0.02202	0.09760	0.16320	0.18958	NaN	NaN	NaN	NaN	NaN	NaN
0.00429	0.01902	0.02486	0.02030	0.03406	0.04380	0.08988	0.13444	0.15658	0.13012
0.01105	0.05641	0.14062	0.20337	NaN	NaN	NaN	NaN	NaN	NaN
0.01626	0.08618	0.15519	0.22979	NaN	NaN	NaN	NaN	NaN	NaN
0.01482	0.08497	0.13192	0.16658	NaN	NaN	NaN	NaN	NaN	NaN
0.01810	0.08007	0.18210	NaN	NaN	NaN	NaN	NaN	NaN	NaN
0.00880	0.08029	0.17647	NaN	NaN	NaN	NaN	NaN	NaN	NaN
0.01617	0.09222	0.15390	0.16472	NaN	NaN	NaN	NaN	NaN	NaN
0.04446	0.14089	0.19465	NaN	NaN	NaN	NaN	NaN	NaN	NaN
0.00668	0.01007	0.02045	0.02858	0.04361	0.04863	0.05775	0.06262	0.03805	0.02124
0.00674	0.03643	0.05646	0.13841	0.07969	NaN	NaN	NaN	NaN	NaN
0.01415	0.02897	0.05366	0.18990	NaN	NaN	NaN	NaN	NaN	NaN
0.01190	0.04276	0.07150	0.12665	0.08475	0.08797	NaN	NaN	NaN	NaN
0.01212	0.04320	0.04985	0.10944	NaN	NaN	NaN	NaN	NaN	NaN
0.00781	0.05463	0.10010	0.08263	0.06098	NaN	NaN	NaN	NaN	NaN
0.01729	0.03688	0.08919	0.13499	NaN	NaN	NaN	NaN	NaN	NaN
0.01072	0.06561	0.12346	0.10165	NaN	NaN	NaN	NaN	NaN	NaN
0.01082	0.04355	0.06370	0.07559	0.13760	0.21159	0.23758	NaN	NaN	NaN
0.04114	0.12172	NaN	NaN	NaN	NaN	NaN	NaN	NaN	NaN
0.01933	0.10754	0.19640	NaN	NaN	NaN	NaN	NaN	NaN	NaN
0.01949	0.08564	0.16143	NaN	NaN	NaN	NaN	NaN	NaN	NaN
0.00871	0.04256	0.04905	0.09040	0.12941	0.18908	0.20439	NaN	NaN	NaN
0.00668	0.01006	0.02009	0.03196	0.04007	0.04455	0.04455	0.04359	0.03637	0.02602
0.00888	0.03144	0.04669	0.05354	0.09247	0.12842	0.12589	0.15286	NaN	NaN
0.00895	0.03269	0.03985	0.06574	0.06556	0.11569	0.19226	NaN	NaN	NaN
0.00661	0.02350	0.03682	0.06109	0.09091	0.11686	0.14128	0.17621	NaN	NaN
0.00653	0.02650	0.04022	0.07889	0.16305	0.25058	NaN	NaN	NaN	NaN
0.00523	0.02044	0.03675	0.05701	0.09763	0.09225	0.05561	0.07539	NaN	NaN
0.00782	0.05158	0.04858	0.07427	0.12004	0.17407	0.20151	NaN	NaN	NaN
0.02496	0.04721	0.12164	0.20498	NaN	NaN	NaN	NaN	NaN	NaN
0.00247	0.01083	0.01909	0.04342	0.04500	0.05959	0.08127	0.11216	0.12361	0.07259
0.00746	0.02972	0.02477	0.06104	0.07067	0.11506	0.07131	0.07538	0.00000	NaN
0.00636	0.01839	0.03356	0.11245	0.17885	NaN	NaN	NaN	NaN	NaN
0.01140	0.01868	0.04245	0.07562	0.14150	0.13329	0.11012	NaN	NaN	NaN
0.00629	0.01853	0.05232	0.14271	0.20566	NaN	NaN	NaN	NaN	NaN
0.01453	0.03251	0.08981	NaN	NaN	NaN	NaN	NaN	NaN	NaN
0.01003	0.03668	0.06777	0.13438	0.23399	NaN	NaN	NaN	NaN	NaN
0.00758	0.02164	0.07499	0.12633	0.21099	NaN	NaN	NaN	NaN	NaN
0.00689	0.03271	0.05756	0.10644	0.14505	0.15860	NaN	NaN	NaN	NaN
0.04788	0.07135	0.07550	NaN	NaN	NaN	NaN	NaN	NaN	NaN
0.01414	0.03689	0.07056	NaN	NaN	NaN	NaN	NaN	NaN	NaN
0.01982	0.05003	0.04730	NaN	NaN	NaN	NaN	NaN	NaN	NaN
0.00682	0.03158	0.04772	0.09761	0.12272	0.15044	NaN	NaN	NaN	NaN
0.00243	0.01361	0.01646	0.04247	0.04045	0.04814	0.07313	0.08909	0.08909	0.10316
0.00385	0.02576	0.01696	0.04545	0.06593	0.09157	0.13447	0.15731	0.00000	0.00000
0.00362	0.01498	0.02324	0.06277	0.08079	0.13878	0.21554	NaN	NaN	NaN
0.00519	0.01628	0.03225	0.08962	0.09722	0.13427	0.19921	NaN	NaN	NaN
0.00697	0.02825	0.01958	0.04282	0.08125	0.13159	0.14665	0.07000	0.00000	NaN
0.00420	0.01849	0.02933	0.06221	0.11353	0.14662	0.13574	0.17585	NaN	NaN
0.00562	0.02810	0.05094	0.07799	0.11257	0.13336	0.19536	NaN	NaN	NaN
0.03796	0.04243	0.04031	0.23906	NaN	NaN	NaN	NaN	NaN	NaN
0.00688	0.01470	0.02941	0.02933	0.04456	0.04699	0.05778	0.06520	0.07264	0.05080
0.00692	0.04279	0.05419	0.04724	0.06111	0.07785	0.13475	0.07127	NaN	NaN
0.00734	0.03084	0.05293	0.07286	0.06609	0.11774	NaN	NaN	NaN	NaN
0.01322	0.03691	0.03919	0.03948	0.04245	0.05085	0.02118	0.01719	0.01405	0.01867
0.00999	0.02497	0.04894	0.07250	0.08165	0.06452	0.10496	0.05254	NaN	NaN
0.00792	0.04608	0.08305	0.12148	0.16214	0.19108	NaN	NaN	NaN	NaN
0.01574	0.04094	0.05402	0.05940	0.15279	0.15452	NaN	NaN	NaN	NaN
0.01011	0.03883	0.06900	0.06750	0.10643	0.16801	NaN	NaN	NaN	NaN
0.00896	0.04339	0.04716	0.06396	0.05713	0.08956	0.11871	0.12803	NaN	NaN
0.02962	0.12137	0.10275	NaN	NaN	NaN	NaN	NaN	NaN	NaN
0.02015	0.08011	0.09205	0.18739	NaN	NaN	NaN	NaN	NaN	NaN
0.02808	0.05597	0.07043	NaN	NaN	NaN	NaN	NaN	NaN	NaN
0.00904	0.03938	0.04563	0.05467	0.06491	0.09228	0.12383	0.11198	NaN	NaN
0.00685	0.01348	0.02608	0.03911	0.05698	0.03606	0.05723	0.05863	0.04170	0.03961
0.01244	0.03396	0.03649	0.04546	0.04795	0.04760	0.04639	0.05506	0.03557	0.02730
0.00603	0.03465	0.04141	0.05080	0.05047	0.04705	0.06052	0.09793	0.06304	0.07017
0.00713	0.02454	0.04584	0.04220	0.05910	0.07180	0.09281	0.12198	0.10673	NaN
0.00646	0.02804	0.05347	0.06130	0.05242	0.06588	0.08226	0.10166	0.05939	NaN
0.00530	0.03056	0.03653	0.04994	0.04525	0.06910	0.06729	0.02039	0.02466	0.01806
0.00721	0.02965	0.04780	0.05376	0.03989	0.07728	0.10912	0.13617	0.11667	NaN
0.02341	0.07357	0.09208	0.08329	0.06844	NaN	NaN	NaN	NaN	NaN
0.00319	0.01285	0.03150	0.03922	0.06142	0.07534	0.09750	0.10857	0.09552	0.09590
0.00878	0.04743	0.08036	0.11068	0.09931	NaN	NaN	NaN	NaN	NaN
0.02488	0.05980	0.09531	0.19185	NaN	NaN	NaN	NaN	NaN	NaN
0.02532	0.02573	0.06736	0.10221	0.13420	NaN	NaN	NaN	NaN	NaN
0.00938	0.03634	0.08859	0.15722	NaN	NaN	NaN	NaN	NaN	NaN
0.01408	0.06445	0.10642	0.21506	NaN	NaN	NaN	NaN	NaN	NaN
0.02245	0.03853	0.05927	0.07913	0.08767	0.10345	0.11366	0.10754	0.09420	0.10275
0.01085	0.03908	0.05623	0.10380	0.12015	0.12949	0.18737	0.19542	NaN	NaN
0.01048	0.03307	0.04723	0.06857	0.07727	0.10136	0.12239	0.11710	0.14397	0.16655
0.01224	0.03950	0.12548	NaN	NaN	NaN	NaN	NaN	NaN	NaN
0.01757	0.05093	0.07848	0.15048	NaN	NaN	NaN	NaN	NaN	NaN
0.01908	0.04886	0.08306	0.17825	NaN	NaN	NaN	NaN	NaN	NaN
0.00989	0.03251	0.04571	0.06639	0.07343	0.09264	0.12100	0.11474	0.13616	0.15777
0.00308	0.01211	0.03284	0.01915	0.06178	0.07654	0.11971	0.13639	0.07365	0.08740
0.02073	0.02245	0.04363	0.05822	0.06843	0.10421	0.10968	0.10396	0.08940	0.09963
0.00653	0.03895	0.03205	0.05015	0.08914	0.12332	0.15026	0.14990	0.17760	NaN
0.00604	0.03045	0.04271	0.06388	0.07209	0.07996	0.10089	0.12381	0.13526	0.15479
0.02262	0.04583	0.05339	0.10162	0.16915	NaN	NaN	NaN	NaN	NaN
0.00761	0.02287	0.05003	0.10781	0.12053	0.08523	NaN	NaN	NaN	NaN
0.00676	0.02144	0.04663	0.06146	0.07378	0.09821	0.10278	0.09534	0.08891	0.07984
0.01008	0.02648	0.06269	0.08370	0.18900	NaN	NaN	NaN	NaN	NaN
0.00401	0.02098	0.03922	0.02731	0.04104	0.06681	0.05022	0.10466	0.12291	0.10371
0.01299	0.05299	0.14594	0.15655	NaN	NaN	NaN	NaN	NaN	NaN
0.01849	0.09455	0.16945	NaN	NaN	NaN	NaN	NaN	NaN	NaN
0.00847	0.06251	0.10567	0.13192	NaN	NaN	NaN	NaN	NaN	NaN
0.01675	0.04984	0.12758	NaN	NaN	NaN	NaN	NaN	NaN	NaN
0.02966	0.11634	NaN	NaN	NaN	NaN	NaN	NaN	NaN	NaN
0.01311	0.07112	0.13722	0.23543	NaN	NaN	NaN	NaN	NaN	NaN
0.03052	0.05111	0.11063	NaN	NaN	NaN	NaN	NaN	NaN	NaN
0.01429	0.04470	0.06761	0.10039	0.18630	NaN	NaN	NaN	NaN	NaN
0.06167	0.10432	0.12930	0.16637	0.17854	0.17008	0.16031	0.16162	0.21099	0.21689
0.06466	0.09620	0.14795	0.17620	NaN	NaN	NaN	NaN	NaN	NaN
0.07611	0.10486	0.12910	0.14095	0.15906	0.18626	NaN	NaN	NaN	NaN
0.01181	0.04366	0.06217	0.09623	0.11398	0.14553	0.18643	0.20150	NaN	NaN
0.00460	0.02068	0.02309	0.02570	0.07352	0.04903	0.10180	0.14834	0.17714	0.15038
0.00899	0.04262	0.07136	0.08802	0.12179	0.14475	0.13453	0.14153	0.19558	0.19894
0.01504	0.04065	0.06454	0.11392	0.13065	0.17962	NaN	NaN	NaN	NaN
0.00807	0.02917	0.05612	0.09367	0.11252	0.14022	0.18643	0.20150	NaN	NaN
0.01068	0.05076	0.12662	0.15612	NaN	NaN	NaN	NaN	NaN	NaN
0.00774	0.05217	0.09232	0.09239	0.16288	NaN	NaN	NaN	NaN	NaN
0.02527	0.04238	0.06697	0.08973	0.12843	0.18313	NaN	NaN	NaN	NaN
0.05164	0.09504	0.10679	0.14840	0.16833	0.16065	0.15049	0.16243	0.21099	0.21689
0.00668	0.01007	0.02045	0.02858	0.04361	0.04863	0.05775	0.06262	0.03805	0.02124
0.00566	0.03951	0.03546	0.03939	0.03888	0.07613	0.04936	0.06142	0.06166	0.10847
0.01167	0.02362	0.04626	0.06788	0.08949	0.11223	0.11217	NaN	NaN	NaN
0.01015	0.02907	0.03789	0.03354	0.03816	0.03572	0.02137	0.01949	0.01627	0.01519
0.00762	0.01959	0.04537	0.06505	0.08503	0.04926	0.03200	0.04491	0.05091	NaN
0.01085	0.03406	0.07144	0.08939	0.12073	0.07608	NaN	NaN	NaN	NaN
0.01071	0.02890	0.04236	0.06883	0.09039	0.10569	0.11331	0.10852	0.09284	0.10114
0.00731	0.02247	0.06200	0.04774	0.08384	0.10844	0.15625	0.17498	NaN	NaN
0.00639	0.03654	0.03357	0.06233	0.04033	0.06154	0.07025	0.08957	0.10693	0.14158
0.02780	0.07816	0.07705	0.14475	0.15090	0.14044	0.15084	0.16010	0.20882	0.21689
0.01523	0.04831	0.07421	0.09348	0.16766	0.21736	NaN	NaN	NaN	NaN
0.01741	0.06101	0.08685	0.08490	0.11416	0.17343	NaN	NaN	NaN	NaN
0.00634	0.03601	0.03345	0.05532	0.03530	0.05919	0.06974	0.08786	0.10083	0.12695
0.00665	0.00967	0.02038	0.03586	0.05302	0.02639	0.03612	0.03619	0.03675	0.03438
0.00766	0.02731	0.02428	0.03225	0.04710	0.05300	0.05042	0.06026	0.04327	0.04089
0.00437	0.02672	0.02926	0.03310	0.03530	0.04633	0.06505	0.08806	0.08685	0.10025
0.00498	0.01784	0.03264	0.04503	0.03826	0.04360	0.05281	0.08105	0.08700	0.09462
0.00578	0.02858	0.03867	0.04381	0.04086	0.08231	0.07662	0.03639	0.02872	0.06640
0.00411	0.02695	0.02894	0.04902	0.04901	0.06216	0.05314	0.02022	0.02064	0.01987
0.00492	0.01810	0.03563	0.05047	0.04580	0.06104	0.08011	0.08147	0.07479	0.06811
0.02317	0.05487	0.06537	0.08813	0.07778	0.14917	0.13351	0.14977	0.20037	0.20797
